0 18
1 18
1 19
1 20
1 21
2 5
2 7
2 20
2 21
3 5
3 8
3 23
4 8
4 9
4 20
4 21
4 22
4 23
5 10
5 24
6 8
6 9
6 10
6 11
6 20
6 23
6 24
6 25
7 7
7 12
7 22
7 23
7 24
8 9
8 12
8 23
9 9
9 12
9 18
9 20
9 21
9 22
10 11
10 18
10 19
10 22
11 5
11 7
11 8
11 9
11 10
11 19
11 20
11 21
12 5
12 9
12 19
13 8
13 21
14 6
14 8
14 19
14 21
15 22
16 7
16 8
16 9
16 19
16 21
17 8
17 9
17 21
18 7
18 8
18 9
18 19
19 19
19 20
19 21
20 6
20 8
20 18
20 19
20 22
21 8
21 18
21 20
21 21
21 22
22 5
22 9
22 23
23 5
23 7
23 8
23 9
23 10
23 22
23 23
23 24
24 11
24 20
24 23
24 24
24 25
25 9
25 12
25 24
26 9
26 12
26 20
26 21
26 22
26 23
27 7
27 12
27 23
28 8
28 9
28 10
28 11
28 20
28 21
29 10
29 18
29 19
29 20
29 21
29 24
29 26
30 8
30 9
30 18
30 24
30 27
31 5
31 8
31 16
31 18
31 27
31 28
32 5
32 7
32 16
32 29
33 14
33 17
33 18
33 27
33 28
33 29
33 30
34 2
34 3
34 5
34 15
34 16
34 17
34 26
34 31
35 5
35 13
35 15
35 28
35 31
36 2
36 4
36 5
36 13
36 28
36 31
37 2
37 12
37 13
37 30
38 0
38 8
38 10
38 11
38 12
38 24
38 26
38 27
38 28
38 29
39 1
39 7
39 9
39 10
39 24
39 28
40 1
40 7
40 8
40 27
41 1
41 3
41 6
41 7
41 25
41 27
42 1
42 3
42 5
42 6
43 1
43 26
43 27
43 28
44 1
44 3
44 5
44 6
44 27
44 28
45 1
45 3
45 6
45 7
45 13
45 15
45 20
45 22
45 27
45 28
46 1
46 7
46 8
46 10
46 11
46 13
46 16
46 19
46 22
46 24
46 25
46 26
46 27
46 28
47 1
47 7
47 8
47 16
47 17
47 21
47 26
48 1
48 3
48 6
48 7
48 13
48 20
48 28
49 1
49 3
49 5
49 6
49 13
49 15
49 16
49 17
49 18
49 19
49 26
49 28
50 1
50 10
50 11
50 29
51 1
51 3
51 5
51 6
51 13
51 15
51 16
51 17
51 18
51 19
51 26
51 28
52 1
52 3
52 6
52 7
52 13
52 20
52 28
53 1
53 7
53 8
53 16
53 17
53 21
53 26
54 1
54 7
54 8
54 10
54 11
54 13
54 16
54 19
54 22
54 24
54 25
54 26
54 27
54 28
55 1
55 3
55 6
55 7
55 13
55 15
55 20
55 22
55 27
55 28
56 1
56 3
56 5
56 6
56 27
56 28
57 1
57 26
57 27
57 28
58 1
58 3
58 5
58 6
59 1
59 3
59 6
59 7
59 25
59 27
60 1
60 7
60 8
60 27
61 1
61 3
61 6
61 8
61 9
61 24
61 28
62 1
62 3
62 5
62 6
62 7
62 10
62 24
62 26
62 27
62 28
62 29
63 1
63 10
63 30
64 1
64 3
64 5
64 6
64 7
64 10
64 28
64 31
65 1
65 3
65 6
65 8
65 9
65 28
65 31
66 1
66 7
66 8
66 26
66 31
67 1
67 3
67 6
67 7
67 27
67 28
67 29
67 30
68 1
68 3
68 5
68 6
68 29
69 1
69 27
69 28
70 1
70 3
70 5
70 6
70 24
70 27
71 1
71 3
71 6
71 7
71 24
71 26
72 1
72 7
72 8
73 1
73 3
73 6
73 8
73 9
74 1
74 3
74 5
74 6
74 7
74 10
75 1
75 10
75 24
75 26
76 1
76 3
76 5
76 6
76 7
76 10
76 24
76 27
77 1
77 3
77 6
77 8
77 9
77 27
77 28
78 1
78 7
78 8
78 29
79 1
79 3
79 6
79 7
79 27
79 28
79 29
79 30
80 1
80 3
80 5
80 6
80 26
80 31
81 1
81 28
81 31
82 1
82 3
82 5
82 6
82 28
82 31
83 1
83 3
83 6
83 7
83 30
84 1
84 7
84 8
84 24
84 26
84 27
84 28
84 29
85 1
85 3
85 6
85 8
85 9
85 24
85 28
86 1
86 3
86 5
86 6
86 7
86 10
86 27
87 1
87 10
87 25
87 27
88 1
88 3
88 5
88 6
88 7
88 10
89 1
89 3
89 6
89 8
89 9
89 26
89 27
89 28
90 1
90 7
90 8
90 27
90 28
91 1
91 3
91 6
91 7
91 13
91 15
91 20
91 22
91 27
91 28
92 1
92 3
92 5
92 6
92 10
92 11
92 13
92 16
92 19
92 22
92 24
92 25
92 26
92 27
92 28
93 1
93 16
93 17
93 21
93 26
94 1
94 3
94 5
94 6
94 13
94 20
94 28
95 1
95 3
95 6
95 7
95 13
95 15
95 16
95 17
95 18
95 19
95 26
95 28
96 1
96 7
96 8
96 10
96 11
96 29
97 1
97 7
97 8
97 13
97 15
97 16
97 17
97 18
97 19
97 26
97 28
98 1
98 3
98 6
98 7
98 13
98 20
98 28
99 1
99 3
99 5
99 6
99 16
99 17
99 21
99 26
100 1
100 10
100 11
100 13
100 16
100 19
100 22
100 24
100 25
100 26
100 27
100 28
101 1
101 3
101 5
101 6
101 13
101 15
101 20
101 22
101 27
101 28
102 1
102 3
102 6
102 7
102 27
102 28
103 1
103 7
103 8
103 26
103 27
103 28
104 1
104 3
104 6
104 8
104 9
105 1
105 3
105 5
105 6
105 7
105 10
105 25
105 27
106 1
106 10
106 27
107 1
107 3
107 5
107 6
107 7
107 10
107 24
107 28
108 1
108 3
108 6
108 8
108 9
108 24
108 26
108 27
108 28
108 29
109 1
109 7
109 8
109 30
110 1
110 3
110 6
110 7
110 28
110 31
111 1
111 3
111 5
111 6
111 28
111 31
112 1
112 26
112 31
113 1
113 3
113 5
113 6
113 27
113 28
113 29
113 30
114 1
114 3
114 6
114 7
114 29
115 1
115 7
115 8
115 27
115 28
116 1
116 7
116 9
116 10
116 24
116 27
117 0
117 8
117 10
117 11
117 12
117 24
117 26
118 2
118 12
118 13
119 2
119 4
119 5
119 13
120 5
120 13
120 15
121 2
121 3
121 5
121 15
121 16
121 17
122 14
122 17
122 18
123 5
123 7
123 16
124 5
124 8
124 16
124 18
125 8
125 9
125 18
126 10
126 18
126 19
126 20
126 21
127 8
127 9
127 10
127 11
127 20
127 21
128 7
128 12
128 23
129 9
129 12
129 20
129 21
129 22
129 23
130 9
130 12
130 24
131 11
131 20
131 23
131 24
131 25
132 5
132 7
132 8
132 9
132 10
132 22
132 23
132 24
133 5
133 9
133 23
134 8
134 18
134 20
134 21
134 22
135 6
135 8
135 18
135 19
135 22
136 19
136 20
136 21
137 7
137 8
137 9
137 19
138 8
138 9
138 21
139 7
139 8
139 9
139 19
139 21
140 22
141 6
141 8
141 19
141 21
142 8
142 21
143 5
143 9
143 19
144 5
144 7
144 8
144 9
144 10
144 19
144 20
144 21
145 11
145 18
145 19
145 22
146 9
146 12
146 18
146 20
146 21
146 22
147 9
147 12
147 23
148 7
148 12
148 22
148 23
148 24
149 8
149 9
149 10
149 11
149 20
149 23
149 24
149 25
150 10
150 24
151 8
151 9
151 20
151 21
151 22
151 23
152 5
152 8
152 23
153 5
153 7
153 20
153 21
154 18
154 19
154 20
154 21
155 18
